0,15,20,5,0,256
0,15,30,15,32,400
0,30,80,15,34,256
1,25,20,25,0,256
1,25,30,15,32,400
1,30,90,15,32,400
2,20,40,20,34,382
2,20,80,20,23,256
2,35,150,15,23,256
3,22,50,30,20,256
3,22,80,30,19,400
3,22,120,20,21,256
4,35,100,5,17,256
4,35,120,5,33,256
4,35,120,5,16,256
5,15,500,5,17,256
5,15,300,5,19,256
5,15,400,5,21,256
6,35,80,5,25,256
6,40,80,5,26,256
6,50,60,5,27,256
7,15,100,30,0,256
7,15,300,30,0,256
7,15,500,30,0,256
8,40,180,5,24,400
8,50,200,5,18,256
8,50,300,5,18,256
9,50,30,5,0,256
9,70,50,20,34,256
9,100,200,5,23,256
10,20,200,15,17,256
10,40,200,15,33,256
10,40,2000,15,24,256
11,40,100,15,0,256
11,60,200,15,0,256
11,60,10,15,20,256
12,30,30,15,0,256
14,30,15,15,0,256
16,0,20,20,28,256
17,0,50,20,28,256
20,20,2000,100,29,64
21,20,2000,100,29,64
22,20,2000,100,29,64